444
30525
1684980
405317
1327020
1689037
628452
1016533
1389468
929373
789972
1511525
3448204
913645
4119236
71669
3947900
3231101
1555892
1694085
906092
3703821
2389668
1414421
2301788
775325
705940
1084069
909644
3899181
551556
981557
3660092
4178877
3351924
4006853
2279212
3727949
3716708
3098453
2648860
3087069
2022740
2204901
3835148
1224045
219716
3701877
2282748
3922429
1830196
3589
203500
2809997
3560996
2922901
1382108
524573
3691796
1728293
2787532
2325421
2075140
892597
2961596
3510333
136436
3315781
2018988
1998541
873956
1936341
1647260
2525021
470228
702821
912524
4057581
874948
1990901
453756
3991165
1416372
2409093
2482796
2342157
2995620
1187349
2395740
1748381
3892372
177061
1355852
3274797
3959172
3851061
2099260
2219197
427124
2526405
546348
695117
488804
1724501
2578972
3437533
326740
1199589
3068940
1025645
1890628
3327349
2655228
3437309
314420
521989
3549676
2300301
693540
402069
1148380
252445
1307668
624677
808908
2553005
2009348
1468341
1073084
305469
29684
1638725
2055596
4011981
2561252
2462933
1249692
1630301
1592276
3695205
1915788
516845
3266756
3516917
498556
2260861
2718644
2730885
3404140
2684429
849060
567061
1834332
231069
131988
3071141
1146700
160045
419972
2133045
4077372
1963453
3138420
652741
2352428
3560525
2896996
4151637
1853724
1297629
72532
3995365
1647372
2531181
809028
2559605
2372348
461821
240436
647173
2046188
3494541
3462180
1682325
259292
1684253
365332
3322149
2369228
290221
3385348
1650869
2723516
2998845
1364724
3762757
1436844
3535053
1496036
2596309
196764
2439517
4156116
2100069
2263692
2874349
2906052
455413
4082300
2234493
1268404
2659461
3670124
536333
144292
3747861
617564
417693
2007700
1377701
282188
2943533
2516868
21813
1205820
3411645
3097204
2580165
3503148
3935565
2552676
1991253
473116
861661
1260116
2203621
3764748
1546349
1169220
1398645
1434108
3384573
1608244
379141
4081644
2198413
3478308
2569365
2909148
625693
864788
1432101
3274188
3925677
2008836
1440181
3718588
3201853
4141556
1299269
162732
567757
1872612
2336469
2682780
758365
3967444
111717
1956236
2741485
3987140
1194997
2816380
3912061
1259956
2194821
3280748
92173
881316
2341141
2939740
2308253
1130900
3485349
2956620
3236653
1861252
1711669
1873212
2369469
303476
4114373
3998508
1820237
3650148
3631957
2631452
2129629
3889492
18661
1032460
2265453
2971204
4038773
4034812
3816957
223540
3912197
1267436
2606221
741924
3063189
709340
1271069
2806036
3343141
3523788
876461
2074116
836277
4058300
914493
4165876
2636869
2427564
3498701
3690980
1683413
319132
781149
1026260
1924453
993420
118253
2315716
1541365
895100
3099261
2693300
1336965
2236012
1351949
3060132
541205
412252
1708445
1695892
1005477
781388
1039405
2647428
3008309
1885244
3031229
3145844
1061061
3838508
1408845
1995108
685141
4134428
907229
3766356
1634789
1839116
494189
2020676
2091381
1785852
1758973
280628
2857733
1992172
523661
3641636
3163797
2048476
3620381
1994772
666661
3118028
3725485
3581188
4033461
3742652
331069
1437684
3581253
4037036
3939277
2756836
637141
1494428
2507869
3721172
3343973
3569548
3393261
2086084
1494517
2512764
3990397
1374132
85893
535916
121357
2486436
2542357
1423708
2812573
3702676
2326693
2145100
546093
681092
3911733
1241916
1202621
3235700
1808837
3023148
2701389
1781860
1539413
787740
1388765
890708
2857701
1990412
426861
2511940
3945077
3075836
1404925
1779508
1410053
2061548
145037
3788836
2871189
2732252
3479325
2625300
1791269
2056908
4084141
2335748
2643125
2771644
1451581
151284
4132421
796844
1889485
3264484
3391957
2014364
1744221
3663572
175973
1296012
4177901
3298244
1054453
3475068
2391165
1496756
2635909
2374764
594701
3354532
4150293
1779804
1426333
2956948
3254693
2853452
1756717
156548
227637
4137532
1077949
573044
2163397
1552428
1503565
3010404
2000469
979996
3574237
3651156
3687397
1486348
2063469
250692
1211253
3710460
2754813
525876
3763461
1475564
1470349
1183524
2185365
2760668
847901
503316
2522661
340428
1952429
2532100
859573
1145276
81725
306676
96069
1095596
1543629
1019620
1559253
1878940
2684509
853460
809061
2561420
2472173
1757892
221173
3782012
2495869
3061172
598405
3558252
2771981
1470116
1170709
1480540
1744029
3653012
3789477
2906444
476973
1073796
344629
2183484
2657213
3546484
2124741
3620652
2009677
1486436
2068309
516892
3269341
3659092
4123877
326924
1209709
3625540
2278517
3689724
1614333
714036
1529349
234220
305293
20004
1106325
2133724
4114717
4017428
2860837
2162892
1524653
4170244
2877109
3057852
415805
1903860
4055109
738988
2901709
216548
3527637
1088156
1134429
3679444
1048933
3171468
2470381
1659332
3188981
3433596
110205
1873076
2361989
4086380
2458893
1027492
1992213
525916
3765661
1596564
3931045
2304076
901165
3432836
68405
3768380
1746109
3767412
1692869
839212
25421
1404260
1742933
3592732
474077
914516
4167141
2706444
2059885
53572
2952565
3013628
2177789
2343988
3096325
2531820
844173
298276
3828373
851420
696861
584724
2805797
3329996
2800813
3055876
307125
120764
2453821
748532
3426629
3921324
1769421
855268
908501
3836316
1288285
3752916
895589
3126156
4172525
3002564
1569269
2429820
3622781
2126772
3732357
3959148
3849741
2026660
2420501
3110236
3296925
981908
3679397
1046348
3029293
3039364
3593269
503612
2538941
1235828
867781
1596716
3939405
2763876
1024341
1818908
3577053
3806036
3817189
236300
419693
2117700
3233397
1682172
250877
1221428
75781
4174060
3086989
2018340
1962901
3108060
3177245
2788116
2357541
3841740
1586605
3383300
1538229
722620
2001469
1034996
2404933
2253996
2341069
2935780
2090453
1734812
3146077
1073876
349029
2425484
3384301
1593284
3750645
770684
450685
3822260
515205
3176556
2750221
273316
2455573
844892
337821
1809044
3034533
3327564
2667053
4087684
2530613
777788
841405
146036
3843781
1698860
1168717
1370980
4106837
3584028
4189661
3945044
3074021
1305100
483437
1429316
3121013
3889660
27901
1540660
856325
966636
2839437
985892
3898517
515036
3167261
2238996
1516069
3698124
2076333
958212
2376117
669116
3253053
2763252
990021
4125612
422349
2263780
2879189
3172252
2513501
4030932
3603557
1069452
105709
1625796
1344501
2650492
3176829
2765236
1099141
1738604
3354637
4156068
2097429
2118492
3276957
4077972
1996453
759116
4008749
2383492
1074741
396604
847805
498036
2232261
1145644
101965
1419876
2601813
499484
2311901
1331540
1937637
1718540
2251117
2182724
2615413
1247484
1508861
3301684
1243653
1298156
101517
1395236
1246613
1460956
666909
3131668
281381
2899148
75693
4169220
2820789
4154556
2014269
1738996
3376197
1147564
207565
3033572
3274709
3954332
3584861
41172
2270565
3252364
2725357
3100100
2739445
3874940
3412605
3150004
1289861
3839596
1468685
1092004
1346069
2736732
3725725
3594388
565157
1729612
2860077
2121092
3419957
3554364
2558141
2291828
227525
4131372
739149
2910564
703573
953884
2138077
159828
408037
1476620
1528429
183620
1716597
2144252
499453
2310196
1237765
974316
3261837
3246372
2395797
1751516
4064797
1271828
2847781
1444812
3973293
433412
2872245
2790332
2479421
2156532
1174853
1708460
1696717
1050852
3277013
4081052
2165853
1687508
544357
585612
2854637
1821892
3741173
249724
1158013
782260
1087365
1090924
1286669
3664036
201493
2699612
1684125
358292
2934949
2044748
3415341
3300484
1177653
1862460
1778109
1333108
2023877
2267436
3080269
1648740
2606421
752924
3668189
429908
2679525
579340
2509677
3820612
424565
2385660
1193981
2760500
838661
4189420
3931789
2344996
3151765
1386716
778013
853780
826661
3529420
1186221
2333700
2530485
770748
454205
4015860
2774597
1613996
695501
509924
2886101
3552412
2450781
581332
2619237
1457804
493549
1985476
155381
163452
607357
4050612
491653
1881196
2808589
3483556
2858005
2007132
1346461
2758292
717221
1704524
1480237
1727364
2736437
3709500
2702013
1816180
3427013
3942444
2931021
1828708
4116053